# Week7: オセロの対戦知能を作る

## Strategy

* 盤面の評価関数を作るに当たって，どのマスにどのくらいの重要度をつけるかを最急降下法で求めた。(improve.c)
* ちなみにimprove.cのコードは大学の授業で作ったものを少し改良しただけ。(授業のHP : <http://www.logos.t.u-tokyo.ac.jp/~tsuruoka/lecture/ai_intro/>)

## メモ

* 評価関数の重みベクトルw[]とマスの対応：

|       |    |   A   |   B   |   C   |   D   |   E   |   F   |   G   |   H   |
|:-----:|:--:|:-----:|:-----:|:-----:|:-----:|:-----:|:-----:|:-----:|:-----:|
|       |    |       |       |       |       |       |       |       |       |
|   1   |    |  770.3|  -21.8|   64.0|   64.0|   64.0|   64.0|  -21.8|  770.3|
|   2   |    |  -21.8| -221.6|   -4.0|   -4.0|   -4.0|   -4.0| -221.6|  -21.8|
|   3   |    |   64.0|   -4.0|   20.4|   22.0|   22.0|   20.4|   -4.0|   64.0|
|   4   |    |   64.0|   -4.0|   22.0|    4.2|    4.2|   22.0|   -4.0|   64.0|
|   5   |    |   64.0|   -4.0|   22.0|    4.2|    4.2|   22.0|   -4.0|   64.0|
|   6   |    |   64.0|   -4.0|   20.4|   22.0|   22.0|   20.4|   -4.0|   64.0|
|   7   |    |  -21.8| -221.6|   -4.0|   -4.0|   -4.0|   -4.0| -221.6|  -21.8|
|   8   |    |  770.3|  -21.8|   64.0|   64.0|   64.0|   64.0|  -21.8|  770.3|
